data-raw/volcano_maungawhau.asc
NCOLS 61
NROWS 87
XLLCORNER 2667400
YLLCORNER 6478700
CELLSIZE 10
NODATA_VALUE -1
94 94 94 94 94 94 94 94 94 94 94 94 94 94 95 95 95 95 96 96 96 97 97 97 98 99 99 100 100 100 100 100 100 100 100 100 100 101 101 100 100 100 100 100 100 99 99 99 99 99 100 100 100 99 99 99 98 98 97 97 97
94 94 94 94 94 94 94 94 94 94 94 94 95 95 95 95 95 96 96 96 97 97 97 98 98 99 99 100 100 101 104 105 106 105 104 103 101 101 101 100 100 100 100 100 100 100 99 99 99 100 100 100 100 100 99 99 99 98 98 98 97
94 94 94 94 94 94 94 94 94 94 95 95 95 95 95 95 96 96 96 96 97 98 98 98 99 99 100 100 102 105 107 109 108 109 106 105 102 101 101 101 100 100 100 100 100 100 100 99 99 100 100 101 101 100 100 99 99 99 98 98 98
94 94 94 94 94 94 94 94 95 95 95 95 95 95 95 96 96 96 96 97 98 98 98 99 99 99 100 101 104 107 109 109 109 109 107 106 103 101 101 101 100 100 100 100 101 101 101 100 100 100 101 102 101 101 100 100 99 99 99 99 98
94 94 94 94 94 94 95 95 95 95 95 95 95 96 96 96 96 96 97 98 98 98 99 99 99 100 100 102 105 108 109 110 110 109 109 107 104 103 101 101 101 100 100 101 102 102 101 101 101 101 101 102 102 101 101 100 100 99 99 99 99
94 95 95 95 95 95 95 95 95 95 95 96 96 96 96 96 96 97 97 98 98 99 99 99 100 102 100 105 106 109 110 110 111 110 110 109 105 103 102 101 101 100 101 101 103 103 102 102 101 102 102 103 102 102 101 101 101 100 100 100 99
95 95 95 95 95 95 95 96 96 96 96 96 96 96 96 96 96 97 97 98 98 99 99 100 100 104 103 105 107 110 110 111 111 111 110 109 106 104 103 102 101 101 101 102 103 104 103 103 102 103 103 103 103 102 102 102 101 101 100 100 99
95 95 96 96 96 96 96 96 96 96 96 96 96 96 96 96 96 97 97 98 99 99 100 101 102 105 105 106 108 111 111 111 111 111 111 110 107 105 104 103 102 101 101 102 104 104 104 104 103 104 104 104 104 103 103 103 102 102 101 100 99
95 96 96 96 96 96 96 96 96 96 96 96 96 96 96 96 96 97 97 98 99 100 100 102 105 106 107 107 110 112 112 112 111 111 111 110 107 106 104 103 102 101 102 103 104 105 105 106 105 105 105 105 104 104 103 103 102 102 101 101 100
96 96 96 96 96 96 96 96 96 96 96 96 96 96 96 96 96 97 97 98 100 100 100 105 106 107 108 110 111 112 113 113 112 112 111 111 110 108 107 105 104 103 103 104 105 105 106 106 106 107 106 106 105 104 104 103 103 102 102 101 100
96 96 96 96 96 96 96 96 96 96 96 96 96 96 96 96 96 97 97 100 100 100 105 106 108 108 110 111 112 113 114 115 115 115 114 113 111 110 109 108 107 106 105 105 105 106 106 107 109 109 108 107 106 106 105 105 104 103 103 102 101
96 96 96 96 96 96 96 96 96 96 96 96 96 96 96 96 96 97 100 100 100 105 107 107 110 111 112 113 114 115 116 116 117 118 118 118 117 117 116 112 110 109 108 108 108 108 109 110 112 111 109 108 107 106 106 105 104 104 103 103 102
96 96 96 96 96 96 96 96 96 96 96 96 96 96 96 96 96 100 100 100 105 106 108 108 111 112 113 114 115 116 117 118 118 119 120 121 122 122 122 119 116 113 111 110 111 112 113 114 116 115 111 109 109 108 108 107 106 106 105 105 104
96 96 96 96 96 96 96 96 96 96 96 96 96 96 96 96 100 100 100 105 106 107 109 109 111 113 114 115 116 117 118 119 120 120 121 123 125 125 125 124 123 120 118 117 117 117 119 121 120 119 117 114 113 112 110 110 109 108 108 107 106
96 96 96 96 96 96 96 96 97 97 97 97 97 97 97 100 100 100 105 106 107 108 109 110 112 113 114 116 117 118 119 121 122 123 124 125 127 128 128 129 129 127 125 123 123 123 124 125 124 123 121 119 116 114 113 113 113 112 112 111 109
96 97 97 97 97 97 97 97 98 98 98 98 98 98 100 100 100 105 106 106 108 109 110 112 113 114 116 117 118 119 121 122 124 125 126 127 129 131 133 133 133 133 132 129 127 128 129 129 127 126 124 122 120 119 117 116 116 115 114 113 112
97 97 97 97 98 98 98 98 98 99 99 99 100 100 100 100 105 105 107 108 109 110 112 114 115 116 117 119 120 121 122 124 125 127 129 130 132 133 135 137 137 138 138 136 134 134 136 133 129 127 125 123 122 121 120 119 119 117 116 115 114
97 98 98 98 99 99 99 99 99 99 99 100 100 100 100 100 106 106 109 108 111 112 114 116 117 118 119 120 122 123 124 125 127 129 131 133 134 136 138 140 141 141 141 141 141 140 139 134 130 128 126 125 124 123 122 121 120 120 118 117 116
98 99 99 99 99 99 99 99 100 100 100 100 100 100 100 105 107 108 111 112 114 115 116 117 119 120 121 122 123 125 126 127 128 130 133 135 137 139 141 143 144 144 144 143 143 142 140 137 132 129 128 126 125 124 123 121 120 120 119 118 117
99 99 99 99 100 100 100 100 100 100 100 100 101 102 105 106 110 112 114 115 117 118 119 120 121 122 123 124 125 126 127 128 130 133 135 138 140 142 144 146 147 147 147 146 145 143 142 139 135 131 129 128 126 124 123 121 120 119 119 118 117
100 100 100 100 100 101 101 100 100 100 100 102 103 105 107 108 112 114 116 118 120 121 122 123 123 124 125 126 127 128 129 131 133 136 139 141 144 146 147 149 149 150 149 148 147 145 144 140 137 133 130 128 126 124 123 121 120 119 118 117 116
100 100 100 100 101 102 102 101 101 100 102 104 106 107 109 111 114 116 118 120 123 124 125 125 125 126 127 128 129 130 133 135 138 141 143 145 148 150 150 150 150 150 150 150 149 148 145 141 137 134 131 128 125 123 122 120 119 118 118 117 116
100 100 100 101 102 102 103 103 103 101 103 105 108 110 112 114 116 119 121 123 126 128 128 128 128 128 129 130 131 132 134 137 139 142 145 147 150 150 150 150 150 150 150 150 150 148 145 141 138 135 131 128 125 123 120 119 118 118 117 116 115
100 100 101 102 102 102 103 103 102 101 104 106 109 112 115 117 119 122 124 127 130 131 131 131 131 131 131 131 133 134 135 138 140 143 146 149 150 150 150 150 150 150 150 150 150 148 145 142 139 136 132 128 124 120 119 119 118 117 116 116 115
100 101 102 102 102 103 103 103 102 102 104 107 110 113 116 120 124 128 131 133 135 134 134 134 134 132 132 133 134 135 136 139 141 144 147 150 150 150 150 150 150 150 150 150 150 148 145 142 139 136 132 128 123 120 118 119 117 117 116 115 114
101 101 102 102 103 103 104 104 102 103 105 107 109 114 117 122 125 132 134 137 139 138 137 138 136 134 134 134 135 136 138 139 142 145 148 150 150 150 150 150 150 150 150 150 150 147 145 143 140 137 133 129 123 120 118 118 117 116 115 115 114
101 102 102 103 103 104 104 104 103 104 106 108 109 113 119 123 130 134 136 139 140 140 140 140 138 136 135 136 136 137 139 141 143 147 150 150 150 150 150 150 150 150 150 150 149 146 144 142 140 137 133 129 123 120 118 117 116 116 115 114 113
102 102 103 103 104 104 104 104 103 105 106 108 110 110 118 122 130 134 137 140 140 140 140 140 140 138 137 138 138 138 140 142 145 148 150 150 150 150 150 150 150 150 150 150 148 146 144 142 140 136 133 128 122 120 119 117 116 115 114 114 112
102 103 103 103 104 104 105 105 105 106 107 109 110 110 118 121 129 133 137 140 140 140 140 140 140 139 139 139 140 140 141 143 146 149 150 150 150 150 150 150 150 150 150 149 147 146 144 141 139 136 132 128 122 120 118 117 116 114 114 113 112
103 103 103 104 104 105 106 105 105 106 108 110 110 110 117 120 128 133 137 140 140 140 140 140 140 140 140 140 140 141 142 144 147 149 150 150 150 150 150 150 150 150 150 149 147 145 143 141 139 135 132 127 122 119 117 116 115 114 113 113 112
103 103 104 104 104 105 107 105 106 107 109 110 110 110 115 120 126 132 136 140 140 140 140 140 140 141 142 141 141 142 144 146 148 150 151 151 151 151 151 151 151 151 150 148 146 144 142 140 138 135 131 126 121 119 117 116 115 115 113 112 111
103 103 104 104 105 105 108 106 107 108 110 110 110 111 118 120 123 130 134 138 140 140 140 140 141 142 143 143 144 144 146 147 149 151 153 153 153 153 153 153 153 152 150 148 146 144 142 139 137 134 131 125 122 120 118 117 116 115 114 112 111
103 104 104 105 105 106 107 107 108 109 110 110 111 115 117 120 125 129 133 137 140 140 140 141 142 143 145 145 146 147 148 150 152 152 154 155 155 155 155 155 154 152 150 148 146 143 141 138 136 133 130 126 122 120 119 117 116 115 114 113 112
104 104 104 105 106 107 108 108 109 110 111 113 115 116 118 121 125 129 132 136 139 140 141 142 144 145 146 147 148 149 150 152 154 155 156 157 157 157 157 156 154 153 151 148 146 143 140 138 135 132 129 126 123 120 119 118 117 116 115 114 113
104 104 105 105 106 108 108 109 110 112 113 115 117 118 120 122 125 128 132 135 138 141 142 144 145 146 147 149 150 151 153 155 157 158 158 159 159 159 158 157 156 155 152 149 146 143 140 137 135 132 129 126 122 121 120 119 118 116 116 115 114
104 104 105 106 107 109 109 110 111 113 115 117 119 120 122 124 126 129 131 134 137 140 142 143 145 146 148 150 153 155 157 158 159 160 161 161 162 162 160 159 159 156 152 149 145 142 139 137 134 131 128 125 123 122 121 120 119 118 117 116 115
104 104 105 106 107 109 110 110 113 115 117 119 120 120 122 125 128 130 132 134 136 139 141 143 144 147 149 152 156 158 160 161 163 164 166 167 168 166 164 163 161 157 152 149 145 142 139 136 134 131 128 126 123 121 121 120 119 118 117 116 115
104 104 105 106 109 110 110 111 113 116 118 120 120 121 123 125 128 130 132 134 136 138 141 143 146 148 151 155 159 160 163 164 166 168 170 170 170 170 168 166 161 157 152 148 145 142 139 136 133 130 128 126 123 121 120 119 118 117 116 115 114
104 104 105 106 108 110 110 112 114 116 119 120 120 121 123 125 127 130 132 134 135 138 140 143 146 148 151 155 159 161 163 166 169 170 170 170 170 170 170 166 161 156 150 148 145 142 139 135 132 130 127 125 123 121 120 119 118 117 115 114 113
104 105 105 106 109 110 111 113 115 117 119 120 121 122 124 125 126 128 131 132 135 137 139 142 145 148 151 155 158 161 163 165 168 170 170 170 170 170 169 164 159 154 149 147 144 142 139 135 132 129 127 125 122 120 119 119 117 116 115 114 113
105 106 106 107 109 111 112 114 116 117 119 120 122 123 124 126 127 128 130 132 134 136 139 141 145 148 151 155 157 159 161 163 165 168 170 170 170 169 167 162 157 152 149 146 144 142 139 135 132 129 127 124 122 120 119 118 117 116 114 113 112
106 106 107 108 110 110 112 114 116 117 120 120 123 124 125 126 127 129 130 132 135 137 139 142 145 148 151 153 156 158 160 163 166 168 169 169 168 165 164 160 155 151 148 146 144 142 139 135 131 128 126 124 121 120 118 118 117 115 113 112 111
106 107 108 109 110 110 111 113 116 118 120 121 123 125 127 128 129 130 131 133 135 137 139 142 146 150 152 154 156 158 161 163 165 166 168 167 166 164 161 158 154 151 148 146 144 141 139 134 130 128 125 123 120 119 118 117 116 114 113 112 111
107 107 108 109 110 110 111 114 117 119 120 122 124 125 128 129 130 132 133 136 138 140 143 146 150 153 155 156 157 159 161 163 165 166 166 166 164 163 162 159 154 150 148 146 143 141 138 133 130 127 125 122 120 119 118 117 116 113 112 111 110
107 107 108 110 110 110 111 113 117 120 122 124 126 128 129 130 132 134 135 138 141 144 147 149 152 155 158 159 160 161 164 165 166 168 168 167 166 165 163 159 155 150 148 146 143 141 138 133 129 126 123 121 120 118 117 116 115 113 111 110 109
107 107 108 110 110 110 112 115 118 121 125 127 129 130 132 133 134 136 137 140 143 147 150 153 155 158 160 163 166 168 167 168 169 170 170 169 168 167 164 160 155 151 148 146 143 141 137 133 129 126 122 120 119 117 116 115 114 112 110 109 108
107 108 109 110 110 112 114 117 119 122 126 129 131 133 135 136 137 138 139 142 145 149 153 156 158 160 162 165 168 171 172 172 173 175 175 173 171 168 166 162 157 152 149 146 144 141 137 132 128 125 122 120 119 117 116 114 113 111 109 108 107
108 109 110 110 111 114 116 118 121 124 128 132 136 138 139 139 140 141 143 145 148 152 155 159 161 163 164 166 169 173 176 176 178 179 179 177 174 170 167 164 160 155 150 148 145 140 136 132 128 125 122 120 118 116 115 113 113 112 110 108 107
109 109 110 110 112 115 118 120 123 126 130 136 140 143 143 143 145 146 148 149 150 154 158 161 163 165 166 168 170 174 178 179 180 180 180 179 176 172 168 164 160 156 152 149 145 141 137 133 128 124 121 120 119 117 116 115 114 112 111 108 107
109 109 110 110 114 117 119 122 125 128 134 140 144 147 148 149 152 152 152 153 154 157 161 163 165 167 168 170 170 174 178 179 180 180 180 180 177 173 169 164 160 156 152 149 147 143 139 135 130 126 122 120 119 118 117 116 114 113 111 109 108
109 110 110 112 115 118 121 124 127 130 139 144 149 151 153 156 158 158 157 156 157 160 162 164 166 168 170 170 170 172 176 178 179 179 180 180 178 174 170 164 160 156 153 149 147 144 142 138 132 128 125 121 120 118 117 116 114 112 111 109 108
109 110 110 113 117 120 124 127 130 136 142 148 153 157 160 161 163 163 163 162 161 163 164 166 167 168 170 170 170 171 174 176 178 178 179 179 178 174 170 165 160 157 153 150 147 145 142 140 136 131 128 124 120 119 118 116 114 112 111 110 109
109 110 110 114 118 122 128 131 136 140 146 152 156 160 163 165 167 168 168 168 168 167 168 169 170 168 166 167 167 167 170 172 174 176 178 178 178 176 171 166 161 157 154 150 148 145 143 141 137 134 131 127 123 120 118 116 114 113 113 112 110
109 110 112 116 119 125 130 134 138 143 149 155 160 163 165 168 170 173 173 173 171 170 170 167 165 164 162 161 161 164 166 169 171 174 176 177 177 176 173 168 163 158 155 151 148 147 145 142 139 136 133 130 126 122 120 118 116 114 113 112 111
110 111 113 117 121 127 132 137 140 146 153 158 164 168 171 173 176 178 176 175 173 170 170 166 161 159 158 157 158 160 163 165 169 172 173 176 176 176 173 170 165 160 156 153 150 149 146 143 141 138 136 133 129 125 122 120 118 116 114 113 113
110 112 115 118 123 128 134 140 144 149 156 162 169 172 175 178 178 178 178 176 174 172 169 161 158 155 154 153 154 157 159 162 166 170 173 176 177 176 174 172 167 164 160 156 153 151 148 146 143 141 139 136 132 129 127 122 120 118 116 114 115
110 113 116 119 124 129 135 141 146 151 159 168 171 174 176 179 180 180 179 177 175 171 166 159 155 152 150 149 151 154 157 161 165 169 173 177 179 178 178 174 171 168 164 160 157 154 151 148 146 143 141 138 136 133 131 127 122 120 118 116 114
110 112 115 117 124 130 136 141 147 154 162 171 173 175 178 180 180 180 179 177 173 170 163 158 155 151 149 148 149 153 156 160 164 167 171 176 179 179 179 177 174 171 168 163 160 157 154 151 148 145 143 141 138 136 133 130 126 122 120 118 115
110 112 113 116 123 129 135 142 148 153 161 170 175 177 178 180 180 180 180 178 174 169 164 158 154 150 150 149 151 154 157 160 164 168 172 179 180 180 180 179 177 174 171 166 163 160 157 153 149 147 145 143 140 138 135 132 129 125 121 120 117
110 110 111 116 122 128 135 142 149 154 160 170 175 179 180 180 181 180 178 175 173 169 163 159 156 154 153 153 154 156 158 161 166 169 174 179 180 180 180 180 179 177 173 169 166 163 159 155 151 149 147 145 142 140 137 134 132 129 125 121 118
109 110 110 115 121 128 134 140 148 154 160 169 175 178 180 181 181 180 178 177 175 170 166 162 159 158 157 157 157 158 160 162 167 171 175 180 180 180 180 180 180 178 174 171 167 163 160 156 153 151 149 146 144 142 139 137 134 131 128 124 120
108 109 110 115 121 127 134 139 145 152 159 166 173 175 180 180 181 180 179 178 176 173 168 165 163 161 160 160 161 161 163 166 169 173 178 181 183 182 181 181 180 178 174 171 168 164 160 157 154 151 149 147 144 142 140 138 136 134 131 127 123
107 108 110 115 121 128 134 139 144 150 157 163 170 177 179 180 180 181 180 178 176 175 171 168 166 165 164 164 164 165 167 170 174 177 180 183 185 184 184 183 181 178 175 172 168 164 160 157 154 151 149 146 144 142 140 138 136 133 131 128 123
105 106 110 115 121 128 134 139 144 148 155 161 167 174 179 180 181 181 180 179 178 177 174 172 170 169 168 168 168 169 171 175 179 181 184 184 187 187 186 184 181 178 175 171 168 165 161 157 154 149 147 144 142 140 138 137 135 132 130 127 124
105 106 110 115 121 126 133 138 142 147 152 160 166 171 176 180 181 181 182 183 182 180 179 177 176 174 174 174 174 174 176 179 183 185 187 189 190 188 187 184 181 177 173 170 167 164 161 156 150 147 143 141 139 138 137 135 133 131 129 126 123
106 108 110 112 116 119 130 136 141 145 149 157 163 169 173 177 181 184 185 186 187 186 185 184 183 183 183 182 182 183 184 184 187 189 190 190 190 190 186 182 179 175 172 168 164 161 157 152 147 143 140 139 137 136 135 133 132 130 128 125 122
107 108 110 111 115 118 125 134 140 144 148 152 158 164 169 173 177 181 184 186 189 190 190 190 191 190 190 189 188 189 190 191 191 192 191 190 190 189 186 181 177 174 171 166 162 158 154 147 143 140 137 136 135 134 133 131 130 130 127 125 122
107 108 108 110 114 118 123 129 136 142 145 149 155 160 165 169 173 177 181 184 188 190 190 191 191 191 191 192 193 194 195 194 193 192 191 190 189 186 184 179 176 173 170 164 159 154 150 143 139 137 135 133 132 131 130 129 129 128 126 124 121
105 106 108 110 111 115 119 123 131 139 143 147 152 156 161 165 169 172 177 181 184 187 190 190 191 191 192 191 192 192 193 193 192 191 190 188 186 185 181 178 175 172 167 160 157 152 145 139 136 134 132 130 130 129 128 127 126 126 125 122 120
104 106 108 110 110 112 116 121 127 134 141 145 149 152 157 161 165 168 171 175 180 183 186 188 190 190 191 190 190 189 189 189 189 188 187 186 184 183 181 176 172 169 162 158 155 151 142 137 134 132 130 128 127 127 126 125 124 123 122 121 120
104 106 108 110 110 111 116 120 125 131 137 141 145 149 152 157 162 165 168 171 175 179 182 186 189 189 189 189 189 187 186 186 185 184 184 183 182 180 178 174 170 166 161 157 153 149 142 135 132 129 127 126 125 124 124 123 122 121 120 120 118
104 106 108 110 110 111 115 120 125 129 133 138 142 145 149 153 157 161 165 168 172 176 180 181 184 184 187 187 186 184 183 182 182 181 181 180 179 176 174 170 168 165 160 156 152 147 141 134 130 128 125 123 122 122 121 121 120 118 118 118 116
104 106 108 110 110 112 114 117 121 126 130 134 138 141 144 148 152 156 160 164 168 172 177 178 180 183 183 183 183 182 180 179 177 175 174 173 172 171 170 168 165 163 160 156 150 143 137 131 128 126 124 121 120 119 119 118 117 117 117 115 114
105 106 108 110 111 113 115 117 119 123 127 131 135 138 140 144 148 152 156 161 165 169 171 174 176 176 177 178 179 177 175 173 171 170 168 167 166 165 163 162 161 161 156 151 143 137 132 128 126 124 121 119 117 117 116 115 116 117 115 113 111
105 107 108 109 110 112 114 116 118 120 125 128 131 134 137 140 143 148 153 158 161 163 166 169 171 172 172 174 172 170 169 168 167 165 164 162 161 159 157 155 155 154 150 145 140 133 129 126 124 121 119 117 115 114 114 113 114 115 113 111 110
106 107 108 109 110 111 113 115 117 119 122 125 128 131 133 136 140 144 149 152 154 157 159 162 166 168 168 168 168 167 166 165 163 160 159 157 154 153 151 149 149 146 143 138 133 129 127 124 121 119 116 114 112 112 113 111 112 113 111 110 110
106 107 108 109 110 111 112 114 116 118 119 121 124 126 129 133 137 140 144 146 149 151 154 157 160 164 164 163 164 163 162 161 159 156 154 150 148 146 145 143 141 137 133 129 127 125 123 121 118 114 112 110 110 110 111 111 111 111 110 110 109
107 107 108 109 110 110 111 113 115 117 117 118 120 122 125 130 134 137 141 144 146 148 149 151 154 158 158 157 158 159 158 156 151 150 148 142 141 140 138 136 133 129 127 125 122 120 118 116 113 110 110 108 109 109 110 110 110 110 109 109 108
107 107 108 109 109 110 110 112 114 115 115 115 117 119 122 127 131 135 139 142 143 145 146 148 148 149 150 151 151 152 152 146 142 139 137 135 134 132 130 129 127 125 123 120 118 116 113 111 110 108 108 107 108 108 109 109 109 109 108 108 107
106 107 108 108 109 109 110 110 112 113 112 112 114 116 118 122 126 130 135 139 141 142 143 144 144 144 145 146 146 147 146 141 135 134 131 129 128 127 125 124 122 120 118 117 115 113 110 108 108 107 106 106 107 107 108 108 108 108 107 107 106
106 107 107 108 108 109 109 110 111 110 110 110 112 114 116 118 121 125 129 134 137 139 140 140 140 140 141 142 142 142 140 135 130 129 127 125 123 122 121 120 118 116 114 113 111 109 108 107 106 106 105 105 106 106 107 107 107 107 106 106 105
106 106 107 107 108 108 108 109 110 110 110 110 111 113 115 116 118 122 126 129 133 135 136 136 136 135 136 136 137 137 134 129 126 126 124 121 119 118 116 115 113 112 110 110 109 107 106 106 105 105 104 104 105 105 106 106 106 106 105 105 105
105 106 106 107 107 107 108 109 109 110 110 110 110 110 112 114 115 119 122 126 128 130 131 132 132 131 131 130 129 131 128 123 121 122 121 118 115 114 112 110 109 108 108 108 107 106 105 105 105 104 104 103 104 104 105 105 105 105 105 104 104
105 105 106 106 107 107 108 108 109 109 109 109 110 110 110 111 113 116 117 120 122 124 126 127 127 126 125 124 122 121 120 119 117 118 117 114 111 110 108 107 106 106 106 107 106 105 105 104 104 104 103 103 103 103 104 104 104 104 104 103 103
104 105 105 106 106 107 107 108 108 109 109 109 109 110 110 110 110 111 112 114 116 118 120 121 121 119 119 118 116 115 114 115 114 113 111 110 108 107 106 105 104 104 105 106 105 104 104 104 104 103 103 102 102 102 103 103 103 103 103 102 102
104 104 105 105 106 106 107 107 108 108 108 108 109 109 109 109 108 109 110 110 110 112 114 115 116 114 113 112 111 110 110 110 110 109 107 106 106 105 103 102 102 103 104 105 104 103 103 103 103 102 102 101 101 101 102 102 102 102 102 101 101
103 104 104 105 105 106 106 107 107 107 107 108 108 108 108 108 107 107 108 108 108 110 110 110 110 110 110 110 110 108 108 107 107 107 105 104 104 103 102 101 101 102 103 104 103 102 102 102 102 101 101 100 100 100 101 101 101 101 101 100 100
